18.7904 6.9591 101.5975 0.001101 0.000868 0.999999
18.7923 12.5236 101.5912 0.001589 0.001072 0.999998
18.7948 18.1593 101.5858 0.004717 0.002645 0.999985
18.7964 23.8126 101.5661 0.006289 0.002772 0.999976
18.7981 29.4332 101.5586 0.011350 0.004077 0.999927
18.7993 35.0625 101.5279 0.013853 0.006124 0.999885
18.8000 40.6994 101.4896 0.017239 0.004975 0.999839
18.8009 46.3371 101.4820 0.023969 0.004979 0.999700
18.8012 51.2645 101.4472 0.027348 0.004970 0.999614
18.8013 56.2007 101.4433 0.034112 0.004275 0.999409
18.8014 60.6560 101.4156 0.037229 0.004071 0.999299
18.8009 65.1255 101.4165 0.043460 0.003517 0.999049
18.8008 68.8739 101.3950 0.045969 0.003674 0.998936
18.8000 72.6398 101.3966 0.050986 0.004021 0.998691
18.8000 76.3863 101.3732 0.053325 0.004333 0.998568
18.7988 80.1556 101.3712 0.057990 0.001076 0.998317
18.7972 83.9384 101.3652 0.062307 0.005096 0.998044
18.7973 87.6941 101.3394 0.064460 0.005424 0.997906
18.7955 91.4762 101.3296 0.068347 0.005745 0.997645
18.7960 95.2290 101.3020 0.070291 0.005979 0.997509
18.7941 99.0122 101.2897 0.073750 0.006107 0.997258
18.7953 102.7683 101.2612 0.075477 0.006100 0.997129
18.7938 106.5678 101.2488 0.078561 0.005797 0.996893
18.7965 110.3514 101.2218 0.080117 0.006106 0.996767
18.7973 113.2021 101.2115 0.081567 0.003741 0.996661
18.7991 117.0883 101.2027 0.084306 0.003781 0.996433
18.8048 120.0414 101.1890 0.085490 0.003573 0.996333
18.8137 122.8830 101.1806 0.086486 0.001500 0.996252
18.8163 125.6934 101.1828 0.088518 -0.002487 0.996072
18.8242 128.5698 101.1939 0.090977 -0.001486 0.995852
18.8411 131.4870 101.1929 0.092190 -0.001799 0.995740
18.8699 134.3631 101.2002 0.094025 -0.005455 0.995555
18.9025 138.0967 101.2292 0.097743 -0.010767 0.995153
18.9617 141.5633 101.2730 0.101101 -0.019233 0.994690
19.0717 145.6836 101.3692 0.106051 -0.030293 0.993899
19.2874 149.7597 101.4949 0.107807 -0.041761 0.993294
19.5480 152.3581 101.5848 0.106316 -0.047161 0.993213
19.7760 154.3817 101.6621 0.106137 -0.053750 0.992898
20.3923 157.3539 101.7650 0.106389 -0.056834 0.992699
21.1291 159.9258 101.8403 0.105667 -0.064663 0.992297
22.1683 162.7715 101.9289 0.102625 -0.071621 0.992138
23.4644 165.5062 102.0076 0.099363 -0.082706 0.991608
25.1364 168.0299 102.0701 0.098022 -0.091758 0.990945
27.6404 171.0416 102.1310 0.094798 -0.102962 0.990158
29.5808 172.9090 102.1531 0.087196 -0.112364 0.989834
31.9263 174.7927 102.1774 0.079514 -0.121610 0.989388
34.4085 176.4685 102.1898 0.073740 -0.128940 0.988907
37.8940 178.1874 102.1750 0.065501 -0.137849 0.988285
42.3861 179.8670 102.1257 0.059712 -0.139675 0.988395
45.3086 180.6362 102.0731 0.052225 -0.142327 0.988441
48.1633 181.1241 102.0015 0.045810 -0.142092 0.988793
51.5823 181.5446 101.9132 0.039644 -0.140071 0.989348
55.0636 181.7825 101.8053 0.039814 -0.136873 0.989788
58.5730 181.8996 101.6811 0.033437 -0.130511 0.990883
61.9716 181.9523 101.5774 0.030577 -0.124710 0.991722
65.5511 181.9660 101.4634 0.032329 -0.121264 0.992094
69.2813 181.9551 101.3396 0.027490 -0.115288 0.992952
72.1225 181.9532 101.2701 0.025554 -0.111887 0.993392
74.9870 181.9432 101.1877 0.024081 -0.108047 0.993854
77.8758 181.9396 101.1233 0.023068 -0.106127 0.994085
80.7734 181.9356 101.0496 0.021738 -0.102939 0.994450
83.6892 181.9353 100.9908 0.021193 -0.101345 0.994626
86.5308 181.9353 100.9236 0.020510 -0.098560 0.994920
89.3848 181.9374 100.8693 0.018447 -0.097176 0.995096
93.1803 181.9431 100.8011 0.019362 -0.095518 0.995239
96.9658 181.9479 100.7177 0.018323 -0.092216 0.995570
102.6288 181.9602 100.6217 0.018268 -0.090015 0.995773
108.2855 181.9738 100.5056 0.016582 -0.085632 0.996189
114.4936 181.9894 100.4152 0.015697 -0.083672 0.996370
120.7024 182.0083 100.3068 0.015581 -0.079743 0.996694
126.6854 182.0264 100.2211 0.015429 -0.077957 0.996837
132.6742 182.0493 100.1192 0.017615 -0.074367 0.997075
139.2526 182.0440 100.0004 0.016163 -0.070536 0.997378
145.8145 182.0430 99.8999 0.015273 -0.068613 0.997526
150.4715 182.0558 99.8294 0.013751 -0.066284 0.997706
155.1251 182.0659 99.7696 0.012572 -0.065120 0.997798
158.6519 182.0729 99.7275 0.012737 -0.064305 0.997849
162.1787 182.0818 99.6780 0.013240 -0.062677 0.997946
166.2609 182.0906 99.6276 0.011223 -0.061040 0.998072
170.3432 182.0972 99.5846 0.010286 -0.060219 0.998132
174.4342 182.1037 99.5455 0.008731 -0.059004 0.998220
178.5253 182.1084 99.5119 0.007570 -0.058397 0.998265
182.6340 182.1124 99.4867 0.005666 -0.057726 0.998316
186.7425 182.1152 99.4646 0.004429 -0.057390 0.998342
190.8630 182.1171 99.4546 0.002433 -0.057351 0.998351
194.9834 182.1183 99.4446 0.001202 -0.057331 0.998354
199.1273 182.1185 99.4447 -0.000192 -0.057578 0.998341
203.2712 182.1190 99.4470 -0.001500 -0.058073 0.998311
207.4464 182.1197 99.4572 -0.001809 -0.058922 0.998261
211.6215 182.1206 99.4636 -0.001497 -0.059346 0.998236
219.9342 182.4870 99.5560 -0.009222 -0.063358 0.997948
222.7358 182.3186 99.6291 -0.034576 -0.064520 0.997317
225.6265 182.0200 99.7231 -0.039675 -0.069703 0.996778
228.5454 181.4451 99.9274 -0.091606 -0.067528 0.993503
231.4190 180.6076 100.1612 -0.075551 -0.083005 0.993681
234.1761 179.5458 100.3753 -0.108845 -0.082462 0.990633
236.7829 178.2895 100.5576 -0.096583 -0.094610 0.990818
239.2493 176.8473 100.7300 -0.124876 -0.087222 0.988331
241.5834 175.2203 100.8932 -0.120087 -0.096864 0.988027
243.7881 173.4049 101.0474 -0.145243 -0.085300 0.985712
245.8608 171.3932 101.1924 -0.144513 -0.092103 0.985207
247.7852 169.1896 101.3269 -0.165325 -0.077573 0.983184
249.5331 166.8216 101.4492 -0.167359 -0.080752 0.982583
251.0808 164.3218 101.5574 -0.183108 -0.064657 0.980964
252.4118 161.7229 101.6504 -0.186539 -0.063499 0.980393
253.5163 159.0547 101.7277 -0.197126 -0.047348 0.979234
254.3947 156.3357 101.7891 -0.200536 -0.041496 0.978807
255.0522 153.5770 101.8350 -0.206210 -0.027249 0.978128
255.4910 150.7894 101.8657 -0.208220 -0.016591 0.977941
255.7112 147.9838 101.8812 -0.209857 -0.005547 0.977716
255.7115 145.1720 101.8812 -0.209118 0.009680 0.977843
255.4913 142.3660 101.8658 -0.207861 0.016439 0.978020
255.0525 139.5770 101.8352 -0.203164 0.035069 0.978516
254.3944 136.8156 101.7892 -0.200394 0.036996 0.979017
253.5142 134.0919 101.7276 -0.190768 0.057868 0.979928
252.4059 131.4166 101.6500 -0.187851 0.055211 0.980645
251.0684 128.8087 101.5565 -0.172852 0.076419 0.981979
249.5109 126.2985 101.4476 -0.171194 0.069564 0.982778
247.7502 123.9206 101.3245 -0.154480 0.086426 0.984208
245.8103 121.7092 101.1888 -0.135492 0.094545 0.986257
243.7206 119.6929 101.0427 -0.126232 0.093348 0.987599
241.6744 117.5802 101.0505 -0.122269 0.101604 0.987283
239.2959 115.9361 100.8814 -0.105489 0.102481 0.989126
236.7853 114.4806 100.7028 -0.115891 0.086306 0.989505
234.1376 113.2146 100.5146 -0.084078 0.094285 0.991989
231.3480 112.1467 100.3168 -0.096029 0.080411 0.992125
228.4728 111.3141 100.1203 -0.066449 0.081684 0.994441
225.5718 110.6337 99.8958 -0.088314 0.066908 0.993843
222.6620 110.8054 99.6382 -0.064616 0.068206 0.995577
219.9342 110.6890 99.5261 -0.043907 0.068610 0.996677
211.6489 111.1022 99.3859 0.007566 0.057081 0.998341
207.4940 111.1021 99.4174 0.009280 0.054745 0.998457
203.3392 111.1021 99.4596 0.018144 0.053570 0.998399
199.1776 111.1018 99.6019 0.036163 0.050760 0.998056
195.0161 111.1017 99.7569 0.048267 0.049342 0.997615
190.8680 111.1014 100.0040 0.058119 0.047603 0.997174
186.7198 111.1011 100.2352 0.064329 0.044154 0.996951
182.5914 111.1006 100.5380 0.075880 0.040300 0.996302
178.4630 111.1003 100.8583 0.081847 0.038374 0.995906
174.3629 111.0997 101.2334 0.094103 0.034162 0.994976
170.2628 111.0993 101.6275 0.099779 0.032057 0.994493
166.1971 111.0986 102.0699 0.111339 0.027660 0.993397
162.1314 111.0982 102.5322 0.119925 0.025458 0.992457
158.4750 111.0978 103.0030 0.126061 0.023483 0.991744
154.8187 111.0970 103.4558 0.129025 0.019559 0.991448
150.3594 111.0962 104.0592 0.137109 0.015003 0.990442
145.9000 111.0956 104.6835 0.140985 0.012728 0.989930
143.1821 111.0951 105.0922 0.151030 0.010577 0.988473
140.4513 111.0947 105.5127 0.154102 0.009519 0.988009
137.0817 111.0940 106.0491 0.159785 0.006598 0.987130
133.7164 111.0936 106.5984 0.165662 0.005142 0.986169
130.8490 111.0932 107.0961 0.169791 0.003949 0.985472
127.9700 111.0926 107.5848 0.171878 0.001544 0.985117
125.5526 111.0921 108.0202 0.179721 -0.000469 0.983718
123.1494 111.0918 108.4624 0.185674 -0.001503 0.982610
120.7603 111.0915 108.9258 0.189152 -0.002554 0.981945
118.3565 111.0911 109.3824 0.191729 -0.004646 0.981437
115.9683 111.0907 109.8619 0.199562 -0.006948 0.979861
113.5914 111.0905 110.3494 0.203377 -0.008112 0.979067
111.2131 111.0902 110.8559 0.211269 -0.010680 0.977370
108.8382 111.0900 111.3731 0.219244 -0.012019 0.975596
106.4778 111.0899 111.9200 0.224024 -0.013473 0.974490
104.1229 111.0898 112.4527 0.227063 -0.016280 0.973744
101.7806 111.0896 113.0153 0.237516 -0.019654 0.971185
99.4252 111.0896 113.5965 0.241727 -0.021306 0.970110
97.0788 111.0895 114.1927 0.251095 -0.025391 0.967629
94.7140 111.0895 114.8127 0.260185 -0.027374 0.965171
92.3477 111.0895 115.4680 0.263616 -0.030020 0.964161
89.9998 111.0895 116.0932 0.261988 -0.035361 0.964423
87.6645 111.0895 116.7402 0.274978 -0.041970 0.960534
85.3155 111.0895 117.4234 0.277788 -0.045296 0.959574
82.9822 111.0895 118.0925 0.285059 -0.053269 0.957029
80.6436 111.0895 118.8021 0.295922 -0.057024 0.953509
77.7512 111.0895 119.7160 0.295474 -0.062481 0.953305
74.8485 111.0895 120.5808 0.310813 -0.072880 0.947673
70.7803 111.0895 121.9587 0.315217 -0.079492 0.945684
66.6919 111.0895 123.2778 0.320471 -0.092793 0.942703
61.3054 111.0895 125.1443 0.322225 -0.099728 0.941395
55.9013 111.0895 126.9484 0.326245 -0.116599 0.938066
52.0387 111.0895 128.3057 0.332310 -0.124368 0.934934
48.1760 111.0895 129.6630 0.337052 -0.130374 0.932415
43.7154 111.0895 131.2903 0.336230 -0.137360 0.931709
39.2629 111.0895 132.8619 0.339509 -0.147721 0.928931
34.8138 111.0895 134.5158 0.341513 -0.152279 0.927459
30.3825 111.0895 136.1162 0.337030 -0.161834 0.927481
25.8849 111.0895 137.7604 0.343523 -0.169841 0.923659
21.3924 111.0895 139.4456 0.347356 -0.173774 0.921492
16.8399 111.0895 141.1700 0.346291 -0.177643 0.921154
12.2678 111.0895 142.8628 0.350821 -0.184928 0.918001
7.6823 111.0895 144.6424 0.353258 -0.188235 0.916393
3.1316 111.0895 146.3727 0.354957 -0.194996 0.914321
-1.5175 111.0895 148.1958 0.355527 -0.198749 0.913290
-6.1360 111.0895 149.9672 0.355193 -0.206346 0.911734
-10.8299 111.0895 151.8097 0.354529 -0.210900 0.910950
-15.5426 111.0896 153.6123 0.350800 -0.220194 0.910195
-19.9591 111.0896 155.3283 0.357193 -0.226625 0.906120
-24.3737 111.0896 157.0810 0.360011 -0.229851 0.904191
-28.6935 111.0896 158.8059 0.358737 -0.232909 0.903915
-33.0231 111.0896 160.5032 0.359467 -0.238670 0.902120
-37.6169 111.0878 162.3472 0.359537 -0.241926 0.901224
-42.2461 111.0852 164.1697 0.356378 -0.248722 0.900629
-45.1123 111.0704 165.3083 0.362525 -0.252378 0.897152
-47.9660 111.0606 166.4664 0.363421 -0.254400 0.896217
-50.2687 111.0289 167.3838 0.365056 -0.257816 0.894575
-52.5724 111.0077 168.3244 0.365756 -0.259523 0.893796
-54.6364 110.9574 169.1464 0.367103 -0.262707 0.892312
-56.7126 110.9238 169.9968 0.369821 -0.264561 0.890640
-59.5130 110.8432 171.1342 0.369993 -0.267387 0.889724
-63.0788 110.6794 172.5611 0.373267 -0.270898 0.887291
-65.9122 110.4418 173.6982 0.383682 -0.274090 0.881852
-68.0960 110.2497 174.5996 0.392563 -0.274862 0.877693
-70.8935 109.7594 175.7126 0.395029 -0.275867 0.876270
-73.2646 109.3073 176.6267 0.395882 -0.278640 0.875007
-75.5317 108.5465 177.4248 0.402831 -0.277745 0.872115
-78.1500 107.6867 178.3638 0.405720 -0.277155 0.870963
-80.1700 106.6046 178.9746 0.412132 -0.275139 0.868588
-82.4613 105.3784 179.6758 0.415862 -0.273463 0.867339
-84.5242 103.7978 180.1773 0.418381 -0.272590 0.866402
-86.3483 102.4148 180.6177 0.418799 -0.273737 0.865838
-88.0334 100.8004 180.9271 0.422611 -0.272453 0.864390
-89.9430 98.9312 181.2744 0.423504 -0.272498 0.863939
-91.6578 97.0166 181.5095 0.425378 -0.272478 0.863023
-93.5907 94.7840 181.7601 0.425681 -0.273072 0.862686
-95.7488 92.2482 182.0152 0.427392 -0.274090 0.861517
-97.9594 89.5380 182.2540 0.428021 -0.274883 0.860952
-100.7827 86.2118 182.5855 0.431118 -0.276482 0.858892
-103.5658 82.7846 182.8867 0.432381 -0.277697 0.857864
-106.7661 78.9940 183.2569 0.437907 -0.280449 0.854158
-109.9144 75.0828 183.5998 0.442368 -0.279829 0.852060
-112.8520 71.3978 183.9219 0.444347 -0.283922 0.849673
-115.9058 67.7559 184.2675 0.451419 -0.288637 0.844340
-118.4095 64.5856 184.5434 0.455189 -0.291336 0.841383
-121.0097 61.4615 184.8301 0.457259 -0.303777 0.835843
-122.9202 59.1545 185.0371 0.469104 -0.302110 0.829862
-124.7654 56.8037 185.2410 0.475941 -0.300278 0.826628
-126.2551 54.8898 185.4081 0.476522 -0.305508 0.824374
-127.7917 53.0194 185.5726 0.476131 -0.317980 0.819871
-129.3301 51.1360 185.7380 0.489809 -0.314233 0.813231
-130.8220 49.2094 185.9088 0.493367 -0.316418 0.810227
-132.3584 47.3167 186.0756 0.501014 -0.320740 0.803810
-133.8477 45.3824 186.2498 0.508908 -0.317935 0.799956
-135.3310 43.4435 186.4273 0.509471 -0.324465 0.796970
-136.8618 41.5443 186.5954 0.509556 -0.338898 0.790886
-138.3862 39.6381 186.7651 0.525470 -0.334303 0.782383
-139.8627 37.6942 186.9460 0.529740 -0.336612 0.778503
-141.3801 35.7802 187.1176 0.538568 -0.341217 0.770399
-142.8492 33.8308 187.3019 0.547530 -0.337854 0.765549
-144.3102 31.8752 187.4899 0.548387 -0.344802 0.761829
-145.8197 29.9526 187.6636 0.548890 -0.360216 0.754297
-147.3208 28.0205 187.8398 0.566258 -0.354788 0.743960
-148.7729 26.0581 188.0317 0.571056 -0.356949 0.739244
-150.2651 24.1148 188.2107 0.580719 -0.361273 0.729553
-151.7080 22.1442 188.4067 0.590350 -0.357340 0.723737
-153.1420 20.1645 188.6069 0.591467 -0.364271 0.719357
-154.6254 18.2095 188.7891 0.591758 -0.380468 0.710681
-156.0992 16.2497 188.9735 0.609379 -0.374860 0.698668
-157.5248 14.2655 189.1770 0.613727 -0.377655 0.693336
-158.9873 12.3115 189.3624 0.622432 -0.383228 0.682433
-160.4046 10.3301 189.5680 0.631108 -0.380453 0.675986
-161.8154 8.3533 189.7750 0.630973 -0.388949 0.671261
-163.2675 6.4086 189.9606 0.630039 -0.406585 0.661618
-164.7131 4.4682 190.1469 0.647026 -0.401432 0.648235
-166.1213 2.4913 190.3557 0.651055 -0.404453 0.642297
-167.5629 0.5513 190.5428 0.658982 -0.410486 0.630273
-168.9708 -1.4288 190.7536 0.667413 -0.407567 0.623256
-170.3783 -3.4120 190.9659 0.666988 -0.416162 0.618010
-171.8162 -5.3522 191.1537 0.674558 -0.422127 0.605624
-173.2233 -7.3382 191.3675 0.678313 -0.424937 0.599434
-174.6577 -9.2792 191.5560 0.676886 -0.442272 0.588405
-176.0890 -11.2220 191.7448 0.692421 -0.436480 0.574490
-177.4958 -13.2107 191.9596 0.695944 -0.439127 0.568180
-178.9248 -15.1566 192.1488 0.702441 -0.444520 0.555859
-180.3317 -17.1483 192.3642 0.709626 -0.441608 0.549011
-181.7386 -19.1423 192.5799 0.708860 -0.449452 0.543608
-183.1654 -21.0918 192.7693 0.707214 -0.465052 0.532517
-184.5908 -23.0460 192.9586 0.720269 -0.459248 0.519908
-185.9976 -25.0419 193.1740 0.723116 -0.461367 0.514047
-187.4219 -27.0016 193.3630 0.727975 -0.465856 0.503021
-188.8287 -28.9990 193.5778 0.733649 -0.463287 0.497116
-190.2355 -30.9968 193.7921 0.732708 -0.469861 0.492312
-191.6590 -32.9618 193.9809 0.730999 -0.482500 0.482529
-193.0822 -34.9319 194.1697 0.740843 -0.477444 0.472440
-194.4889 -36.9289 194.3834 0.742881 -0.478991 0.467648
-195.9123 -38.9039 194.5725 0.746005 -0.482480 0.459010
-197.3193 -40.8995 194.7858 0.749969 -0.480606 0.454493
-198.7270 -42.8930 194.9989 0.748947 -0.485616 0.450838
-200.1513 -44.8731 195.1884 0.751541 -0.488671 0.443156
-201.9776 -47.4506 195.4647 0.752808 -0.490356 0.439125
-203.8269 -50.0264 195.7118 0.755320 -0.493601 0.431103
-206.2522 -53.4361 196.0787 0.756572 -0.495389 0.426835
-208.7101 -56.8614 196.4087 0.758659 -0.499368 0.418411
-211.6963 -61.0343 196.8623 0.759688 -0.500566 0.415100
-214.7280 -65.2608 197.2728 0.760252 -0.504884 0.408789
-217.4378 -69.0457 197.6456 0.762645 -0.503957 0.405463
-220.1050 -72.7575 198.0589 0.763342 -0.504166 0.403888
-221.9672 -75.3612 198.3167 0.763806 -0.504778 0.402244
-223.8003 -77.9108 198.6035 0.764566 -0.504369 0.401310
-225.1792 -79.8480 198.7984 0.765891 -0.503406 0.399991
-226.5488 -81.7575 199.0212 0.766547 -0.502928 0.399335
-227.9006 -83.6645 199.2168 0.768014 -0.501866 0.397850
-229.2376 -85.5348 199.4426 0.769045 -0.500939 0.397026
-230.5769 -87.4256 199.6596 0.770424 -0.499495 0.396171
-231.9083 -89.2847 199.9066 0.772451 -0.497006 0.395353
-233.3468 -91.2964 200.2225 0.772841 -0.494293 0.397984
-234.8000 -93.2884 200.5599 0.778372 -0.485762 0.397710
-236.1126 -95.1829 200.9624 0.786336 -0.469655 0.401372
-237.3959 -96.9720 201.3592 0.797236 -0.452021 0.400115
-238.6375 -98.9659 201.8585 0.816953 -0.418168 0.397144
-239.8646 -100.8485 202.3780 0.824817 -0.403894 0.395660
-241.1834 -103.0817 203.0810 0.837945 -0.378515 0.393160
-242.3666 -104.9815 203.7528 0.842350 -0.369901 0.391944
-243.7507 -107.2821 204.7129 0.848969 -0.355201 0.391259
-244.9840 -109.2191 205.6076 0.855930 -0.343614 0.386411
-246.3122 -111.2362 206.9849 0.866760 -0.322456 0.380459
-247.4609 -112.8937 208.1668 0.871229 -0.314091 0.377236
-248.7666 -114.5539 209.9824 0.878996 -0.298483 0.371852
-249.8718 -115.8932 211.4890 0.880401 -0.294128 0.371998
-251.2142 -117.1480 213.7743 0.883445 -0.285552 0.371464
-252.3522 -118.1893 215.6514 0.884420 -0.282002 0.371855
-253.5327 -118.8729 218.0199 0.887389 -0.275399 0.369724
-254.5476 -119.4615 219.9952 0.889133 -0.272230 0.367877
-255.6194 -119.7293 222.4715 0.893042 -0.267112 0.362115
-256.5724 -119.9808 224.6210 0.894877 -0.264934 0.359174
-257.5918 -119.9575 227.2569 0.898552 -0.262226 0.351911
-258.4946 -119.9554 229.5558 0.900849 -0.261326 0.346670
-259.3275 -119.7544 231.9202 0.903247 -0.261316 0.340380
-260.2118 -119.5248 234.4434 0.906144 -0.261745 0.332253
-260.8915 -119.2456 236.5518 0.907466 -0.262478 0.328041
-261.6200 -118.9428 238.8000 0.908283 -0.263859 0.324653
-262.2924 -118.6344 240.9677 0.910006 -0.265952 0.318056
-262.9364 -118.3292 243.0725 0.910604 -0.266979 0.315471
-263.6000 -118.0033 245.2765 0.910709 -0.267659 0.314592
-264.2755 -117.6872 247.4895 0.910419 -0.268829 0.314435
-264.9291 -117.3636 249.6653 0.910402 -0.269255 0.314118
-265.5986 -117.0482 251.8682 0.910028 -0.269963 0.314592
-266.1877 -116.7685 253.8164 0.910272 -0.270628 0.313314
-266.7643 -116.4802 255.7433 0.910475 -0.271012 0.312391
-267.4203 -116.1487 257.9467 0.910477 -0.271261 0.312169
-268.0827 -115.8314 260.1502 0.910706 -0.271858 0.310977
-268.7026 -115.5131 262.2509 0.910848 -0.272136 0.310317
-269.3288 -115.2094 264.3514 0.911919 -0.273083 0.306317
-270.9043 -114.3707 269.8066 0.911842 -0.273858 0.305854
-272.5004 -113.5741 275.2639 0.912297 -0.275664 0.302858
-273.9234 -112.8305 280.3028 0.913084 -0.278948 0.297431
-275.3157 -112.0429 285.3293 0.913879 -0.280788 0.293229
-276.6829 -111.2482 290.4184 0.914045 -0.282794 0.290773
-278.0854 -110.5042 295.5136 0.913500 -0.286298 0.289053
-278.9650 -109.9961 298.8336 0.913674 -0.287646 0.287159
-279.8708 -109.5228 302.1652 0.913432 -0.289991 0.285563
-280.4497 -109.1815 304.3867 0.913760 -0.290838 0.283648
-281.0403 -108.8707 306.5944 0.913231 -0.291877 0.284282
-281.6129 -108.5585 308.7589 0.912970 -0.292392 0.284592
-282.1970 -108.2760 310.9097 0.913041 -0.293705 0.283008
-282.7699 -107.9535 313.1059 0.913267 -0.294136 0.281829
-283.3340 -107.6781 315.2150 0.913947 -0.295009 0.278696
-283.9065 -107.4005 317.4024 0.914370 -0.295325 0.276967
-284.4585 -107.1787 319.4581 0.914305 -0.295575 0.276914
-284.9846 -107.0004 321.3893 0.914495 -0.296040 0.275788
-285.5498 -106.7607 323.5231 0.915416 -0.296243 0.272496
-286.0952 -106.6908 325.4820 0.917327 -0.296253 0.265980
-286.6801 -106.5588 327.6465 0.918210 -0.296084 0.263104
-287.3388 -106.6575 329.8851 0.920029 -0.296622 0.256051
-288.1053 -106.7142 332.5804 0.922226 -0.295727 0.249087
-288.7727 -107.0788 334.7688 0.927216 -0.292909 0.233398
-289.5420 -107.4346 337.3810 0.929654 -0.290738 0.226307
-290.2054 -108.0306 339.5222 0.935196 -0.285604 0.209378
-290.9922 -108.6829 342.1513 0.939848 -0.279462 0.196434
-291.7609 -109.6844 344.6120 0.944236 -0.273191 0.183805
-292.4072 -110.5908 346.5842 0.953109 -0.257006 0.159785
-293.2516 -112.2892 349.1013 0.956548 -0.249575 0.150757
-293.9260 -113.7168 351.0747 0.963399 -0.231694 0.134836
-294.6471 -115.6522 353.0979 0.965762 -0.225443 0.128373
-295.2245 -117.2267 354.6831 0.973510 -0.200877 0.109210
-295.8569 -119.5584 356.3647 0.976449 -0.190271 0.101708
-296.3656 -121.4836 357.7032 0.980323 -0.173845 0.093513
-296.9222 -124.0553 358.9646 0.981596 -0.168347 0.090156
-297.3737 -126.1410 359.9793 0.984393 -0.154588 0.084105
-297.7851 -128.5710 360.7644 0.986926 -0.141115 0.077864
-298.2886 -131.5684 361.7267 0.988257 -0.132881 0.075434
-298.6004 -134.0230 362.1965 0.991255 -0.112119 0.069595
-298.9773 -137.0104 362.7599 0.992487 -0.101665 0.068066
-299.1801 -139.5074 362.9268 0.995043 -0.075904 0.064247
-299.4153 -142.4494 363.1049 0.995780 -0.065993 0.063778
-299.5098 -144.8439 363.0019 0.996986 -0.043777 0.064054
-299.6282 -147.6926 362.8680 0.997164 -0.037966 0.064981
-299.6595 -150.0880 362.5224 0.997430 -0.024820 0.067214
-299.7054 -153.0082 362.0887 0.997439 -0.017485 0.069345
-299.6765 -155.8751 361.3087 0.997391 -0.008713 0.071663
-299.6481 -158.2254 360.6859 0.996932 0.006604 0.077992
-299.5216 -160.4899 359.7197 0.996376 0.017088 0.083322
-299.3771 -163.2448 358.5154 0.995913 0.023206 0.087284
-299.1768 -165.1910 357.3229 0.994489 0.039494 0.097118
-298.9378 -167.5872 355.8168 0.993546 0.047084 0.103195
-298.5762 -169.9909 353.7305 0.992465 0.055281 0.109345
-298.2816 -171.9593 352.0901 0.991098 0.062546 0.117525
-297.9510 -173.5192 350.3360 0.990018 0.067469 0.123743
-297.5423 -175.4240 348.0845 0.989007 0.071279 0.129552
-297.1597 -176.6512 346.1968 0.986430 0.079594 0.143595
-296.7074 -178.0780 343.8510 0.984866 0.083308 0.151980
-296.2426 -179.0364 341.7594 0.981220 0.090401 0.170394
-295.7067 -180.1063 339.2025 0.978855 0.093544 0.181912
-295.1217 -180.7856 336.6273 0.975195 0.098669 0.198137
-294.6213 -181.4166 334.5474 0.971593 0.099430 0.214758
-294.0279 -181.7708 332.0806 0.970044 0.099566 0.221589
-293.5013 -182.1528 330.0030 0.967406 0.097934 0.233527
-292.9924 -182.3560 328.0363 0.966959 0.095176 0.236501
-292.1936 -182.5486 324.8494 0.967106 0.091931 0.237181
-291.4260 -182.6356 321.7912 0.966754 0.089730 0.239447
-290.6883 -182.6422 318.8323 0.966194 0.086646 0.242820
-289.9218 -182.6613 315.8535 0.966303 0.081988 0.244002
-289.4166 -182.6100 313.8104 0.966082 0.080095 0.245501
-288.8283 -182.5624 311.5566 0.965700 0.076273 0.248206
-288.2429 -182.4751 309.2275 0.965543 0.074304 0.249410
-287.6392 -182.4214 306.9483 0.965213 0.070303 0.251837
-287.0442 -182.3397 304.6204 0.965610 0.068329 0.250856
-286.1397 -182.2610 301.1329 0.964898 0.065269 0.254383
-285.2050 -182.2085 297.6468 0.963949 0.059159 0.259429
-283.8278 -182.1599 292.5195 0.965633 0.051021 0.254852
-282.4955 -182.0868 287.4066 0.965748 0.046846 0.255218
-281.1125 -182.0620 282.2852 0.965891 0.038575 0.256059
-279.7701 -182.0248 277.1661 0.966226 0.034432 0.255385
-278.3848 -182.0091 271.9579 0.965311 0.030087 0.259362
-276.9595 -181.9986 266.7532 0.963610 0.021399 0.266456
-275.6420 -181.9962 262.0376 0.964185 0.014360 0.264841
-274.3575 -181.9926 257.3205 0.963475 0.010803 0.267581
-273.0287 -181.9923 252.6280 0.961714 0.008280 0.273930
-271.6743 -181.9922 247.9279 0.958847 0.003312 0.283903
-270.2759 -181.9922 243.2678 0.957678 0.002629 0.287830
-268.8652 -181.9922 238.5882 0.956227 0.001301 0.292621
-267.4147 -181.9922 233.9180 0.954910 0.001790 0.296891
-265.9661 -181.9922 229.2610 0.954104 0.002047 0.299469
-265.2219 -181.9922 226.9317 0.952550 0.002021 0.304375
-264.4778 -181.9922 224.6042 0.944383 0.002054 0.328840
-263.6442 -181.9922 222.3053 0.940011 0.001932 0.341139
-262.8105 -181.9922 220.0118 0.926920 0.001688 0.375254
-261.8145 -181.9922 217.7856 0.906150 0.001260 0.422954
-260.0322 -181.9946 214.1576 0.853661 -0.017072 0.520550
-257.1189 -181.9757 209.9528 0.802168 -0.008724 0.597035
-254.9918 -181.9542 207.1443 0.797173 0.000840 0.603750
-252.8648 -181.9328 204.3359 0.797174 0.000791 0.603750
-250.7377 -181.9114 201.5274 0.797173 0.000746 0.603750
-248.6106 -181.8899 198.7190 0.797174 0.000700 0.603749
-246.4836 -181.8685 195.9106 0.797175 0.000655 0.603748
-244.3565 -181.8470 193.1022 0.797174 0.000611 0.603750
-242.2294 -181.8256 190.2937 0.797173 0.000566 0.603750
-240.1024 -181.8042 187.4853 0.797174 0.000523 0.603749
-237.9753 -181.7827 184.6769 0.797175 0.000480 0.603748
-235.8482 -181.7613 181.8684 0.797175 0.000437 0.603749
-233.7211 -181.7398 179.0600 0.797174 0.000392 0.603749
-231.5940 -181.7184 176.2516 0.797174 0.000350 0.603749
-229.4670 -181.6970 173.4431 0.797174 0.000311 0.603750
-227.3399 -181.6755 170.6347 0.797174 0.000270 0.603749
-225.2128 -181.6541 167.8263 0.797176 0.000230 0.603747
-223.0858 -181.6326 165.0178 0.797176 0.000192 0.603746
-220.9587 -181.6112 162.2094 0.797176 0.000150 0.603747
-218.8316 -181.5897 159.4010 0.797175 0.000108 0.603748
-216.7045 -181.5683 156.5926 0.797175 0.000068 0.603748
-214.5774 -181.5468 153.7841 0.797175 0.000030 0.603749
-212.4504 -181.5254 150.9757 0.565713 0.000008 0.824602
-207.1010 -181.5254 149.0284 0.344158 -0.003585 0.938905
-201.7206 -181.5254 147.0494 0.339972 -0.005430 0.940420
-196.3254 -181.5254 145.1329 0.334018 -0.006708 0.942543
-190.9464 -181.5254 143.2358 0.327616 -0.009238 0.944766
-185.5372 -181.5254 141.3760 0.324740 -0.009951 0.945751
-180.1332 -181.5254 139.5254 0.318735 -0.011397 0.947775
-174.7104 -181.5254 137.7184 0.316034 -0.011604 0.948677
-169.2846 -181.5254 135.9120 0.310261 -0.012012 0.950576
-163.8474 -181.5254 134.1550 0.307645 -0.011744 0.951429
-158.4018 -181.5254 132.3918 0.301912 -0.011205 0.953270
-152.9497 -181.5254 130.6844 0.299300 -0.010489 0.954101
-147.4869 -181.5254 128.9650 0.293366 -0.009039 0.955958
-142.0172 -181.5254 127.3079 0.290632 -0.007901 0.956802
-136.5386 -181.5254 125.6351 0.284159 -0.005612 0.958761
-131.0467 -181.5254 124.0319 0.281137 -0.004092 0.959659
-125.5520 -181.5254 122.4107 0.273761 -0.001045 0.961797
-120.0364 -181.5254 120.8694 0.270281 0.000842 0.962781
-114.5173 -181.5254 119.3059 0.259194 0.005657 0.965809
-109.3099 -181.5254 117.9514 0.250645 0.008554 0.968041
-104.1025 -181.5254 116.5969 0.250636 0.011947 0.968008
-98.8952 -181.5254 115.2424 0.250625 0.015340 0.967963
-93.6878 -181.5254 113.8878 0.238792 0.017659 0.970910
-89.2546 -181.5254 112.8257 0.234546 0.020359 0.971892
-84.8167 -181.5254 111.7392 0.227217 0.024655 0.973532
-81.0622 -181.5254 110.8883 0.222484 0.026387 0.974579
-77.3075 -181.5254 110.0187 0.214445 0.029847 0.976280
-73.5334 -181.5254 109.2121 0.210091 0.031205 0.977184
-69.7620 -181.5254 108.3917 0.202822 0.033907 0.978628
-66.4520 -181.5254 107.7251 0.197937 0.034557 0.979605
-63.1422 -181.5254 107.0518 0.187543 0.035865 0.981601
-59.9543 -181.5254 106.4632 0.181797 0.036219 0.982669
-56.7635 -181.5254 105.8706 0.169900 0.036939 0.984769
-53.9008 -181.5254 105.3978 0.163345 0.037392 0.985860
-51.0334 -181.5254 104.9197 0.152083 0.038298 0.987625
-48.3038 -181.5254 104.5176 0.146155 0.038761 0.988502
-45.5710 -181.5254 104.1106 0.136556 0.039677 0.989838
-42.9060 -181.5261 103.7580 0.130976 0.039649 0.990592
-40.2466 -181.5265 103.4069 0.110516 0.039632 0.993084
-37.7768 -181.5313 103.1598 0.098180 0.038745 0.994414
-35.3140 -181.5345 102.9237 0.083306 0.036872 0.995842
-31.6329 -181.5462 102.6464 0.073365 0.031514 0.996807
-26.9945 -181.5697 102.3358 0.057274 0.027935 0.997968
-22.6212 -181.5876 102.1341 0.038980 0.022398 0.998989
-17.4842 -181.5877 101.9695 0.021646 0.017888 0.999606
-13.0596 -181.5124 101.9065 0.014643 0.014841 0.999783
-10.2784 -181.4289 101.8616 0.010970 0.014191 0.999839
-6.6522 -181.1737 101.8472 -0.002663 0.012983 0.999912
-1.7794 -180.6137 101.8757 -0.015060 0.014428 0.999783
3.0509 -179.6810 101.9552 -0.030106 0.015027 0.999434
6.7656 -178.6719 102.0786 -0.045384 0.015695 0.998846
10.3709 -177.3609 102.2310 -0.056799 0.017779 0.998227
13.9423 -175.6862 102.4100 -0.066160 0.020788 0.997592
17.3941 -173.6144 102.5958 -0.073217 0.025214 0.996997
21.2879 -170.5034 102.7951 -0.079065 0.030334 0.996408
24.7408 -166.8677 102.9509 -0.084233 0.034325 0.995855
27.1152 -163.4885 103.0304 -0.087143 0.037311 0.995497
29.0662 -159.8088 103.0560 -0.087960 0.039690 0.995333
30.5907 -155.8985 103.0308 -0.088198 0.040380 0.995284
31.5140 -152.7538 102.9860 -0.088974 0.037655 0.995322
32.0828 -149.5520 102.9248 -0.088198 0.027159 0.995733
32.4915 -144.5266 102.8548 -0.086457 0.016358 0.996121
32.3876 -139.6435 102.7940 -0.084405 0.010504 0.996376
32.0749 -136.7496 102.7428 -0.082264 0.008225 0.996577
31.5533 -134.0113 102.6828 -0.079160 0.005411 0.996847
30.7249 -130.5193 102.6059 -0.075116 0.003938 0.997167
29.7064 -127.1206 102.5238 -0.070548 0.004737 0.997497
28.5092 -123.8503 102.4299 -0.064195 0.007448 0.997910
26.8010 -119.9629 102.3038 -0.057660 0.007641 0.998307
25.3308 -116.9488 102.1936 -0.054601 0.011490 0.998442
24.1912 -114.7088 102.1188 -0.047359 0.012473 0.998800
22.7011 -111.6885 102.0180 -0.041003 0.013409 0.999069
21.0746 -107.6360 101.9151 -0.032131 0.013715 0.999390
19.8624 -103.3698 101.8320 -0.025541 0.011993 0.999602
19.3337 -99.4626 101.7806 -0.019593 0.014708 0.999700
19.1104 -96.3439 101.7316 -0.014984 0.010662 0.999831
19.0360 -94.2361 101.7204 -0.011892 0.009372 0.999885
18.9586 -92.2169 101.6958 -0.010365 0.008261 0.999912
18.9270 -90.2043 101.6930 -0.008170 0.004647 0.999956
18.8937 -88.1793 101.6799 -0.007066 0.004925 0.999963
18.8766 -85.1723 101.6707 -0.004674 0.005476 0.999974
18.8567 -82.1653 101.6504 -0.003476 0.006092 0.999975
18.8422 -77.5207 101.6239 -0.002465 0.005036 0.999984
18.8322 -72.8760 101.6067 -0.000435 0.001891 0.999998
18.8256 -66.9930 101.6040 -0.000145 0.000607 1.000000
18.8157 -61.1099 101.6000 0.000002 0.000367 1.000000
18.8140 -57.2016 101.6000 0.000010 0.000014 1.000000
18.8122 -53.2934 101.5999 0.000016 0.000015 1.000000
18.8105 -49.3851 101.5998 0.000023 0.000014 1.000000
18.8087 -45.4768 101.5998 0.000032 0.000014 1.000000
18.8069 -41.5686 101.5998 0.000040 0.000014 1.000000
18.8052 -37.6603 101.5997 0.000046 0.000014 1.000000
18.8034 -33.7520 101.5997 0.000053 0.000014 1.000000
18.8016 -29.8437 101.5996 0.000062 0.000014 1.000000
18.7999 -25.9355 101.5996 0.000070 0.000014 1.000000
18.7981 -22.0272 101.5996 0.000077 0.000014 1.000000
18.7963 -18.1189 101.5995 0.000084 0.000015 1.000000
18.7946 -14.2107 101.5995 0.000091 0.000015 1.000000
18.7928 -10.3024 101.5994 0.000100 0.000014 1.000000
18.7910 -6.3941 101.5994 0.000108 0.000013 1.000000
18.7893 -2.4859 101.5994 0.000116 0.000014 1.000000
18.7875 1.4224 101.5993 0.000121 0.000176 1.000000
